{
  "generated_by": {
    "program": "augur",
    "version": "7.0.2"
  },
  "models": {
    "country_exposure": {
      "alphabet": [
        "Australia",
        "China",
        "France",
        "Germany",
        "Greece",
        "Guam",
        "India",
        "Iran",
        "Jamaica",
        "Japan",
        "Malaysia",
        "Netherlands",
        "Spain",
        "Sri Lanka",
        "Taiwan",
        "Thailand",
        "USA",
        "Uruguay",
        "Vietnam",
        "?"
      ],
      "equilibrium_probabilities": [
        0.027625366927839932,
        0.03268365411931127,
        0.03793589473536584,
        0.05627517149520046,
        0.03361482007515593,
        0.06216960001068929,
        0.030094434014776888,
        0.05868611640342713,
        0.05374139297098975,
        0.06434044749689123,
        0.06216960001068929,
        0.05605999447100008,
        0.06008795671013582,
        0.06211586546320673,
        0.06211586546320671,
        0.04958959278553401,
        0.07167892155916533,
        0.06079358607935689,
        0.05822171920805746
      ],
      "rate": 335.5582206958422,
      "transition_matrix": [
        [
          0.0,
          0.9973628219845078,
          1.3769061343768507,
          0.9197123013668794,
          1.4211052050835764,
          0.9220589612347938,
          1.7336546046040882,
          1.1092856779316205,
          0.9179532781632245,
          0.9174208587644993,
          0.9220589612347938,
          0.9183711795284722,
          1.3807871865949872,
          1.2426054217579052,
          1.242605421757904,
          0.938220389373505,
          6.946781689873677,
          0.9175595534991609,
          0.9277159827903285
        ],
        [
          0.9973628219845078,
          0.0,
          1.203394275750151,
          1.010323904725254,
          0.9202350698790646,
          0.9199203813115421,
          1.1124723850400047,
          0.9397231648030584,
          0.9185802547499288,
          0.9182378723365714,
          0.9199203813115421,
          1.37779337578034,
          1.22708074267906,
          0.924877406285611,
          0.9248774062856108,
          1.6864690038397916,
          3.3205024050464904,
          1.2301205706840324,
          1.19071512189558
        ],
        [
          1.3769061343768507,
          1.203394275750151,
          0.0,
          1.0219932400191987,
          0.9183466877686424,
          0.933558537998181,
          1.3210039786351757,
          0.9194878408162928,
          0.9179222707916621,
          0.917660076741863,
          0.933558537998181,
          0.9180911939835362,
          0.9177285596540362,
          0.9185928495689193,
          0.9185928495689191,
          0.9186444976507444,
          3.676698805232018,
          0.9177606086347263,
          0.9190866274830122
        ],
        [
          0.9197123013668794,
          1.010323904725254,
          1.0219932400191987,
          0.0,
          0.9178208568697949,
          0.9177415589707585,
          0.9188865571988412,
          0.9185259877529002,
          0.9178222209242748,
          0.9177353919590531,
          0.9177415589707585,
          0.9180779701128042,
          0.9176962092152459,
          0.9181738406959781,
          0.9181738406959781,
          0.9184616598788129,
          1.261134551364679,
          0.917830431358002,
          0.9184441862102125
        ],
        [
          1.4211052050835764,
          0.9202350698790646,
          0.9183466877686424,
          0.9178208568697949,
          0.0,
          0.9170042653033603,
          1.3775796721763351,
          0.9187771357588475,
          0.9171489313667402,
          1.3751869549962557,
          0.9170042653033603,
          0.91699650490027,
          0.9169043665251025,
          0.9178348513183772,
          0.9178348513183772,
          0.9179756512073312,
          3.7143367454571488,
          0.9169223807625021,
          0.9178195516599721
        ],
        [
          0.9220589612347938,
          0.9199203813115421,
          0.933558537998181,
          0.9177415589707585,
          0.9170042653033603,
          0.0,
          1.3011088002545923,
          0.9181069076283184,
          0.9173121905783072,
          0.9173106689311687,
          0.9254473367144596,
          0.9172803063981044,
          0.9171414579696238,
          0.9177510838017728,
          0.9177510838017728,
          0.9172975112722553,
          0.9706439947588872,
          0.9172880998915307,
          0.9177092607924131
        ],
        [
          1.7336546046040882,
          1.1124723850400047,
          1.3210039786351757,
          0.9188865571988412,
          1.3775796721763351,
          1.3011088002545923,
          0.0,
          0.9484082793054588,
          0.9173917046616161,
          0.9170046744395505,
          1.301108800254592,
          0.9176708828831804,
          0.9171972609927198,
          0.9272801173628203,
          0.9272801173628199,
          0.9185575145009426,
          4.942708327707934,
          0.9170523736311327,
          0.9185162855470214
        ],
        [
          1.1092856779316205,
          0.9397231648030584,
          0.9194878408162928,
          0.9185259877529002,
          0.9187771357588475,
          0.9181069076283184,
          0.9484082793054588,
          0.0,
          0.9180300060339048,
          0.9179721603778759,
          0.9181069076283184,
          0.9180857208252541,
          0.9180304611303357,
          0.9773278205610492,
          0.9773278205610455,
          0.9183330329854118,
          1.1318467088088608,
          0.9180091604916334,
          0.9185305910348509
        ],
        [
          0.9179532781632245,
          0.9185802547499288,
          0.9179222707916621,
          0.9178222209242748,
          0.9171489313667402,
          0.9173121905783072,
          0.9173917046616161,
          0.9180300060339048,
          0.0,
          0.9173100741091886,
          0.9173121905783072,
          0.9172926648369885,
          0.9171655601312341,
          0.9177220575246239,
          0.9177220575246241,
          0.9173592494540695,
          1.3778634562614092,
          0.9172917327362012,
          0.9178031447029225
        ],
        [
          0.9174208587644993,
          0.9182378723365714,
          0.917660076741863,
          0.9177353919590531,
          1.3751869549962557,
          0.9173106689311687,
          0.9170046744395505,
          0.9179721603778759,
          0.9173100741091886,
          0.0,
          0.9173106689311687,
          0.9172739033808669,
          0.9171280939401623,
          0.9177037154753448,
          0.9177037154753448,
          0.91728624880893,
          0.9201672995408772,
          0.9172844778919222,
          0.9177053434137146
        ],
        [
          0.9220589612347938,
          0.9199203813115421,
          0.933558537998181,
          0.9177415589707585,
          0.9170042653033603,
          0.9254473367144596,
          1.301108800254592,
          0.9181069076283184,
          0.9173121905783072,
          0.9173106689311687,
          0.0,
          0.9172803063981044,
          0.9171414579696238,
          0.9177510838017728,
          0.9177510838017728,
          0.9172975112722553,
          0.9706439947588872,
          0.9172880998915307,
          0.9177092607924131
        ],
        [
          0.9183711795284722,
          1.37779337578034,
          0.9180911939835362,
          0.9180779701128042,
          0.91699650490027,
          0.9172803063981044,
          0.9176708828831804,
          0.9180857208252541,
          0.9172926648369885,
          0.9172739033808669,
          0.9172803063981044,
          0.0,
          0.9171243080893153,
          0.9177279226990651,
          0.9177279226990651,
          0.9176261004899101,
          1.3696088450863482,
          0.9172473310285045,
          0.9180169015359916
        ],
        [
          1.3807871865949872,
          1.22708074267906,
          0.9177285596540362,
          0.9176962092152459,
          0.9169043665251025,
          0.9171414579696238,
          0.9171972609927198,
          0.9180304611303357,
          0.9171655601312341,
          0.9171280939401623,
          0.9171414579696238,
          0.9171243080893153,
          0.0,
          0.9176897355569335,
          0.9176897355569335,
          0.9180262670442152,
          1.0583489464166436,
          0.9173769802770413,
          0.9177130591792773
        ],
        [
          1.2426054217579052,
          0.924877406285611,
          0.9185928495689193,
          0.9181738406959781,
          0.9178348513183772,
          0.9177510838017728,
          0.9272801173628203,
          0.9773278205610492,
          0.9177220575246239,
          0.9177037154753448,
          0.9177510838017728,
          0.9177279226990651,
          0.9176897355569335,
          0.0,
          1.0377872787917564,
          0.9178400266142532,
          0.9902867995706768,
          0.9176997808832945,
          0.9181619081860677
        ],
        [
          1.242605421757904,
          0.9248774062856108,
          0.9185928495689191,
          0.9181738406959781,
          0.9178348513183772,
          0.9177510838017728,
          0.9272801173628199,
          0.9773278205610455,
          0.9177220575246241,
          0.9177037154753448,
          0.9177510838017728,
          0.9177279226990651,
          0.9176897355569335,
          1.0377872787917564,
          0.0,
          0.9178400266142531,
          0.9902867995706792,
          0.9176997808832945,
          0.9181619081860677
        ],
        [
          0.938220389373505,
          1.6864690038397916,
          0.9186444976507444,
          0.9184616598788129,
          0.9179756512073312,
          0.9172975112722553,
          0.9185575145009426,
          0.9183330329854118,
          0.9173592494540695,
          0.91728624880893,
          0.9172975112722553,
          0.9176261004899101,
          0.9180262670442152,
          0.9178400266142532,
          0.9178400266142531,
          0.0,
          1.9766429482078736,
          0.9181217186525219,
          0.9183965430020895
        ],
        [
          6.946781689873677,
          3.3205024050464904,
          3.676698805232018,
          1.261134551364679,
          3.7143367454571488,
          0.9706439947588872,
          4.942708327707934,
          1.1318467088088608,
          1.3778634562614092,
          0.9201672995408772,
          0.9706439947588872,
          1.3696088450863482,
          1.0583489464166436,
          0.9902867995706768,
          0.9902867995706792,
          1.9766429482078736,
          0.0,
          1.0592297626747864,
          1.1601579004339002
        ],
        [
          0.9175595534991609,
          1.2301205706840324,
          0.9177606086347263,
          0.917830431358002,
          0.9169223807625021,
          0.9172880998915307,
          0.9170523736311327,
          0.9180091604916334,
          0.9172917327362012,
          0.9172844778919222,
          0.9172880998915307,
          0.9172473310285045,
          0.9173769802770413,
          0.9176997808832945,
          0.9176997808832945,
          0.9181217186525219,
          1.0592297626747864,
          0.0,
          0.9178324664660723
        ],
        [
          0.9277159827903285,
          1.19071512189558,
          0.9190866274830122,
          0.9184441862102125,
          0.9178195516599721,
          0.9177092607924131,
          0.9185162855470214,
          0.9185305910348509,
          0.9178031447029225,
          0.9177053434137146,
          0.9177092607924131,
          0.9180169015359916,
          0.9177130591792773,
          0.9181619081860677,
          0.9181619081860677,
          0.9183965430020895,
          1.1601579004339002,
          0.9178324664660723,
          0.0
        ]
      ]
    }
  },
  "nodes": {
    "Australia/VIC1018/2020": {
      "country_exposure": "Australia",
      "country_exposure_confidence": {
        "Australia": 1.0
      },
      "country_exposure_entropy": -1.000088900581841e-12
    },
    "Australia/VIC102/2020": {
      "country_exposure": "Australia",
      "country_exposure_confidence": {
        "Australia": 1.0
      },
      "country_exposure_entropy": -1.000088900581841e-12
    },
    "Australia/VIC1048/2020": {
      "country_exposure": "Australia",
      "country_exposure_confidence": {
        "Australia": 1.0
      },
      "country_exposure_entropy": -1.000088900581841e-12
    },
    "Australia/VIC1062/2020": {
      "country_exposure": "Australia",
      "country_exposure_confidence": {
        "Australia": 0.9999999999999999
      },
      "country_exposure_entropy": -9.99866855976916e-13
    },
    "Australia/VIC1120/2020": {
      "country_exposure": "Australia",
      "country_exposure_confidence": {
        "Australia": 1.0
      },
      "country_exposure_entropy": -1.000088900581841e-12
    },
    "Australia/VIC1139/2020": {
      "country_exposure": "Australia",
      "country_exposure_confidence": {
        "Australia": 1.0
      },
      "country_exposure_entropy": -1.000088900581841e-12
    },
    "Australia/VIC1199/2020": {
      "country_exposure": "Australia",
      "country_exposure_confidence": {
        "Australia": 0.9999999999999999
      },
      "country_exposure_entropy": -9.99866855976916e-13
    },
    "Australia/VIC1208/2020": {
      "country_exposure": "Australia",
      "country_exposure_confidence": {
        "Australia": 1.0
      },
      "country_exposure_entropy": -1.000088900581841e-12
    },
    "Australia/VIC14/2020": {
      "country_exposure": "Australia",
      "country_exposure_confidence": {
        "Australia": 1.0
      },
      "country_exposure_entropy": -1.000088900581841e-12
    },
    "Australia/VIC295/2020": {
      "country_exposure": "Australia",
      "country_exposure_confidence": {
        "Australia": 1.0
      },
      "country_exposure_entropy": -1.000088900581841e-12
    },
    "Australia/VIC312/2020": {
      "country_exposure": "Australia",
      "country_exposure_confidence": {
        "Australia": 1.0
      },
      "country_exposure_entropy": -1.000088900581841e-12
    },
    "Australia/VIC319/2020": {
      "country_exposure": "Australia",
      "country_exposure_confidence": {
        "Australia": 1.0
      },
      "country_exposure_entropy": -1.000088900581841e-12
    },
    "Australia/VIC385/2020": {
      "country_exposure": "Australia",
      "country_exposure_confidence": {
        "Australia": 1.0
      },
      "country_exposure_entropy": -1.000088900581841e-12
    },
    "Australia/VIC583/2020": {
      "country_exposure": "Australia",
      "country_exposure_confidence": {
        "Australia": 0.9999999999999999
      },
      "country_exposure_entropy": -9.99866855976916e-13
    },
    "Australia/VIC630/2020": {
      "country_exposure": "Australia",
      "country_exposure_confidence": {
        "Australia": 1.0
      },
      "country_exposure_entropy": -1.000088900581841e-12
    },
    "Australia/VIC73/2020": {
      "country_exposure": "Australia",
      "country_exposure_confidence": {
        "Australia": 1.0
      },
      "country_exposure_entropy": -1.000088900581841e-12
    },
    "Australia/VIC767/2020": {
      "country_exposure": "Australia",
      "country_exposure_confidence": {
        "Australia": 1.0
      },
      "country_exposure_entropy": -1.000088900581841e-12
    },
    "Australia/VIC797/2020": {
      "country_exposure": "Australia",
      "country_exposure_confidence": {
        "Australia": 1.0
      },
      "country_exposure_entropy": -1.000088900581841e-12
    },
    "Australia/VIC800/2020": {
      "country_exposure": "Australia",
      "country_exposure_confidence": {
        "Australia": 0.9999999999999999
      },
      "country_exposure_entropy": -9.99866855976916e-13
    },
    "Australia/VIC803/2020": {
      "country_exposure": "Australia",
      "country_exposure_confidence": {
        "Australia": 0.9999999999999999
      },
      "country_exposure_entropy": -9.99866855976916e-13
    },
    "Australia/VIC851/2020": {
      "country_exposure": "Australia",
      "country_exposure_confidence": {
        "Australia": 1.0
      },
      "country_exposure_entropy": -1.000088900581841e-12
    },
    "China/Beijing_IME-BJ05/2020": {
      "country_exposure": "China",
      "country_exposure_confidence": {
        "China": 1.0
      },
      "country_exposure_entropy": -1.000088900581841e-12
    },
    "China/WHUHnCoV020/2020": {
      "country_exposure": "China",
      "country_exposure_confidence": {
        "China": 1.0
      },
      "country_exposure_entropy": -1.000088900581841e-12
    },
    "China/Wuhan_YB012611/2020": {
      "country_exposure": "China",
      "country_exposure_confidence": {
        "China": 1.0
      },
      "country_exposure_entropy": -1.000088900581841e-12
    },
    "ENV/USA/UF-11/2020": {
      "country_exposure": "USA",
      "country_exposure_confidence": {
        "USA": 1.0
      },
      "country_exposure_entropy": -1.000088900581841e-12
    },
    "France/10006HC/2020": {
      "country_exposure": "France",
      "country_exposure_confidence": {
        "France": 1.0
      },
      "country_exposure_entropy": -1.000088900581841e-12
    },
    "France/10015BY/2020": {
      "country_exposure": "France",
      "country_exposure_confidence": {
        "France": 1.0
      },
      "country_exposure_entropy": -1.000088900581841e-12
    },
    "France/10023FD/2020": {
      "country_exposure": "France",
      "country_exposure_confidence": {
        "France": 1.0
      },
      "country_exposure_entropy": -1.000088900581841e-12
    },
    "France/10041MR/2020": {
      "country_exposure": "France",
      "country_exposure_confidence": {
        "France": 1.0
      },
      "country_exposure_entropy": -1.000088900581841e-12
    },
    "France/10045DZ/2020": {
      "country_exposure": "France",
      "country_exposure_confidence": {
        "France": 1.0
      },
      "country_exposure_entropy": -1.000088900581841e-12
    },
    "France/10060KV/2020": {
      "country_exposure": "France",
      "country_exposure_confidence": {
        "France": 1.0
      },
      "country_exposure_entropy": -1.000088900581841e-12
    },
    "France/10068ND/2020": {
      "country_exposure": "France",
      "country_exposure_confidence": {
        "France": 1.0
      },
      "country_exposure_entropy": -1.000088900581841e-12
    },
    "France/10078MA/2020": {
      "country_exposure": "France",
      "country_exposure_confidence": {
        "France": 1.0
      },
      "country_exposure_entropy": -1.000088900581841e-12
    },
    "France/40003KA/2020": {
      "country_exposure": "France",
      "country_exposure_confidence": {
        "France": 1.0
      },
      "country_exposure_entropy": -1.000088900581841e-12
    },
    "France/50001AR/2020": {
      "country_exposure": "France",
      "country_exposure_confidence": {
        "France": 1.0
      },
      "country_exposure_entropy": -1.000088900581841e-12
    },
    "Germany/BavPat1-ChVir929/2020": {
      "country_exposure": "Germany",
      "country_exposure_confidence": {
        "Germany": 0.9999999999999999
      },
      "country_exposure_entropy": -9.99866855976916e-13
    },
    "Germany/BavPat3-ChVir1020/2020": {
      "country_exposure": "Germany",
      "country_exposure_confidence": {
        "Germany": 0.9999999999999999
      },
      "country_exposure_entropy": -9.99866855976916e-13
    },
    "Greece/139_32716/2020": {
      "country_exposure": "Greece",
      "country_exposure_confidence": {
        "Greece": 1.0
      },
      "country_exposure_entropy": -1.000088900581841e-12
    },
    "Greece/209_33926/2020": {
      "country_exposure": "Greece",
      "country_exposure_confidence": {
        "Greece": 1.0
      },
      "country_exposure_entropy": -1.000088900581841e-12
    },
    "Greece/222_33921/2020": {
      "country_exposure": "Greece",
      "country_exposure_confidence": {
        "Greece": 1.0
      },
      "country_exposure_entropy": -1.000088900581841e-12
    },
    "Greece/226_35576/2020": {
      "country_exposure": "Greece",
      "country_exposure_confidence": {
        "Greece": 1.0
      },
      "country_exposure_entropy": -1.000088900581841e-12
    },
    "Greece/227_35969/2020": {
      "country_exposure": "Greece",
      "country_exposure_confidence": {
        "Greece": 1.0
      },
      "country_exposure_entropy": -1.000088900581841e-12
    },
    "Greece/246_32206/2020": {
      "country_exposure": "Greece",
      "country_exposure_confidence": {
        "Greece": 1.0
      },
      "country_exposure_entropy": -1.000088900581841e-12
    },
    "Greece/248_32261/2020": {
      "country_exposure": "Greece",
      "country_exposure_confidence": {
        "Greece": 1.0
      },
      "country_exposure_entropy": -1.000088900581841e-12
    },
    "Greece/259_31928/2020": {
      "country_exposure": "Greece",
      "country_exposure_confidence": {
        "Greece": 1.0
      },
      "country_exposure_entropy": -1.000088900581841e-12
    },
    "Greece/37_35684/2020": {
      "country_exposure": "Greece",
      "country_exposure_confidence": {
        "Greece": 0.9999999999999999
      },
      "country_exposure_entropy": -9.99866855976916e-13
    },
    "Greece/41_36861/2020": {
      "country_exposure": "Greece",
      "country_exposure_confidence": {
        "Greece": 1.0
      },
      "country_exposure_entropy": -1.000088900581841e-12
    },
    "Guam/GU-NHG-01/2020": {
      "country_exposure": "Guam",
      "country_exposure_confidence": {
        "Guam": 1.0
      },
      "country_exposure_entropy": -1.000088900581841e-12
    },
    "Hangzhou/HZ-1/2020": {
      "country_exposure": "China",
      "country_exposure_confidence": {
        "China": 1.0
      },
      "country_exposure_entropy": -1.000088900581841e-12
    },
    "India/GBRC14/2020": {
      "country_exposure": "India",
      "country_exposure_confidence": {
        "India": 1.0
      },
      "country_exposure_entropy": -1.000088900581841e-12
    },
    "India/GBRC20/2020": {
      "country_exposure": "India",
      "country_exposure_confidence": {
        "India": 1.0
      },
      "country_exposure_entropy": -1.000088900581841e-12
    },
    "India/GBRC21/2020": {
      "country_exposure": "India",
      "country_exposure_confidence": {
        "India": 1.0
      },
      "country_exposure_entropy": -1.000088900581841e-12
    },
    "India/GBRC26/2020": {
      "country_exposure": "India",
      "country_exposure_confidence": {
        "India": 1.0
      },
      "country_exposure_entropy": -1.000088900581841e-12
    },
    "India/GBRC29/2020": {
      "country_exposure": "India",
      "country_exposure_confidence": {
        "India": 0.9999999999999999
      },
      "country_exposure_entropy": -9.99866855976916e-13
    },
    "India/GBRC51/2020": {
      "country_exposure": "India",
      "country_exposure_confidence": {
        "India": 1.0
      },
      "country_exposure_entropy": -1.000088900581841e-12
    },
    "India/GBRC56a/2020": {
      "country_exposure": "India",
      "country_exposure_confidence": {
        "India": 1.0
      },
      "country_exposure_entropy": -1.000088900581841e-12
    },
    "India/GBRC72b/2020": {
      "country_exposure": "India",
      "country_exposure_confidence": {
        "India": 1.0
      },
      "country_exposure_entropy": -1.000088900581841e-12
    },
    "India/GBRC8/2020": {
      "country_exposure": "India",
      "country_exposure_confidence": {
        "India": 1.0
      },
      "country_exposure_entropy": -1.000088900581841e-12
    },
    "India/GBRC85/2020": {
      "country_exposure": "India",
      "country_exposure_confidence": {
        "India": 1.0
      },
      "country_exposure_entropy": -1.000088900581841e-12
    },
    "India/GBRC88a/2020": {
      "country_exposure": "India",
      "country_exposure_confidence": {
        "India": 0.9999999999999999
      },
      "country_exposure_entropy": -9.99866855976916e-13
    },
    "India/GBRC9/2020": {
      "country_exposure": "India",
      "country_exposure_confidence": {
        "India": 1.0
      },
      "country_exposure_entropy": -1.000088900581841e-12
    },
    "India/GBRC96/2020": {
      "country_exposure": "India",
      "country_exposure_confidence": {
        "India": 1.0
      },
      "country_exposure_entropy": -1.000088900581841e-12
    },
    "India/GBRC97a/2020": {
      "country_exposure": "India",
      "country_exposure_confidence": {
        "India": 1.0
      },
      "country_exposure_entropy": -1.000088900581841e-12
    },
    "India/GBRC97b/2020": {
      "country_exposure": "India",
      "country_exposure_confidence": {
        "India": 1.0
      },
      "country_exposure_entropy": -1.000088900581841e-12
    },
    "India/GMC-KP1125/2020": {
      "country_exposure": "India",
      "country_exposure_confidence": {
        "India": 1.0
      },
      "country_exposure_entropy": -1.000088900581841e-12
    },
    "India/GMCKN318/2020": {
      "country_exposure": "India",
      "country_exposure_confidence": {
        "India": 1.0
      },
      "country_exposure_entropy": -1.000088900581841e-12
    },
    "India/GMCTC469/2020": {
      "country_exposure": "India",
      "country_exposure_confidence": {
        "India": 1.0
      },
      "country_exposure_entropy": -1.000088900581841e-12
    },
    "India/nimh-2873/2020": {
      "country_exposure": "India",
      "country_exposure_confidence": {
        "India": 0.9999999999999999
      },
      "country_exposure_entropy": -9.99866855976916e-13
    },
    "India/nimh-3952/2020": {
      "country_exposure": "India",
      "country_exposure_confidence": {
        "India": 1.0
      },
      "country_exposure_entropy": -1.000088900581841e-12
    },
    "Iran/HGRC-1.1-IPI-8206/2020": {
      "country_exposure": "Iran",
      "country_exposure_confidence": {
        "Iran": 1.0
      },
      "country_exposure_entropy": -1.000088900581841e-12
    },
    "Jamaica/JM-CDC-7286/2020": {
      "country_exposure": "Jamaica",
      "country_exposure_confidence": {
        "Jamaica": 1.0
      },
      "country_exposure_entropy": -1.000088900581841e-12
    },
    "Japan/P4-6/2020": {
      "country_exposure": "Japan",
      "country_exposure_confidence": {
        "Japan": 0.9999999999999999
      },
      "country_exposure_entropy": -9.99866855976916e-13
    },
    "Malaysia/189332/2020": {
      "country_exposure": "Malaysia",
      "country_exposure_confidence": {
        "Malaysia": 0.9999999999999999
      },
      "country_exposure_entropy": -9.99866855976916e-13
    },
    "NODE_0000004": {
      "country_exposure": "USA",
      "country_exposure_confidence": {
        "Australia": 0.004220917251327604,
        "India": 0.0011733874476121604,
        "USA": 0.9920663870755171
      },
      "country_exposure_entropy": 0.05940046855703493
    },
    "NODE_0000006": {
      "country_exposure": "India",
      "country_exposure_confidence": {
        "Australia": 0.037068284145129915,
        "France": 0.020042817261846493,
        "India": 0.7409653548924566,
        "USA": 0.1802696757210454
      },
      "country_exposure_entropy": 0.8619820348430854
    },
    "NODE_0000007": {
      "country_exposure": "USA",
      "country_exposure_confidence": {
        "Australia": 0.2613382435865652,
        "France": 0.005881950849159185,
        "India": 0.147104038127233,
        "USA": 0.5700143269200357
      },
      "country_exposure_entropy": 1.0893495808404134
    },
    "NODE_0000008": {
      "country_exposure": "India",
      "country_exposure_confidence": {
        "India": 0.9884619763511601,
        "USA": 0.009224817488391338
      },
      "country_exposure_entropy": 0.07361210149845873
    },
    "NODE_0000009": {
      "country_exposure": "USA",
      "country_exposure_confidence": {
        "Australia": 0.18858393477491775,
        "China": 0.0709716218464235,
        "India": 0.08370565380913314,
        "USA": 0.552535279506744
      },
      "country_exposure_entropy": 1.5032955231636753
    },
    "NODE_0000011": {
      "country_exposure": "USA",
      "country_exposure_confidence": {
        "Australia": 0.01715356752231554,
        "India": 0.002696807264039944,
        "Thailand": 0.006818324385289125,
        "USA": 0.9662670403996843
      },
      "country_exposure_entropy": 0.20254201524914792
    },
    "NODE_0000012": {
      "country_exposure": "USA",
      "country_exposure_confidence": {
        "Australia": 0.004749599984361123,
        "India": 0.001342208732557359,
        "USA": 0.9905511717128033
      },
      "country_exposure_entropy": 0.06992801322732199
    },
    "NODE_0000013": {
      "country_exposure": "USA",
      "country_exposure_confidence": {
        "Australia": 0.004749599984361123,
        "India": 0.001342208732557359,
        "USA": 0.9905511717128033
      },
      "country_exposure_entropy": 0.06992801322732199
    },
    "NODE_0000017": {
      "country_exposure": "USA",
      "country_exposure_confidence": {
        "Australia": 0.006132766570355442,
        "France": 0.018483360298445127,
        "India": 0.002138027057980772,
        "USA": 0.9689048285161956
      },
      "country_exposure_entropy": 0.18165845791976015
    },
    "NODE_0000018": {
      "country_exposure": "Spain",
      "country_exposure_confidence": {
        "Australia": 0.001077843614600648,
        "Spain": 0.997244373616253
      },
      "country_exposure_entropy": 0.024566758113705737
    },
    "NODE_0000019": {
      "country_exposure": "Spain",
      "country_exposure_confidence": {
        "Spain": 0.9997430385367974
      },
      "country_exposure_entropy": 0.003089827600911223
    },
    "NODE_0000020": {
      "country_exposure": "USA",
      "country_exposure_confidence": {
        "Australia": 0.015519075132594533,
        "China": 0.004427125318050541,
        "India": 0.0015895155733439007,
        "USA": 0.975172515086782
      },
      "country_exposure_entropy": 0.14913695172100258
    },
    "NODE_0000022": {
      "country_exposure": "China",
      "country_exposure_confidence": {
        "Australia": 0.002379790888469359,
        "China": 0.782975619489469,
        "Thailand": 0.00465629208544116,
        "USA": 0.20741911014314376
      },
      "country_exposure_entropy": 0.5763800707016067
    },
    "NODE_0000024": {
      "country_exposure": "USA",
      "country_exposure_confidence": {
        "Australia": 0.003380161868308681,
        "India": 0.0013849922785220316,
        "USA": 0.9925149955756835
      },
      "country_exposure_entropy": 0.05753781253278348
    },
    "NODE_0000025": {
      "country_exposure": "USA",
      "country_exposure_confidence": {
        "Australia": 0.05222177722759297,
        "China": 0.09451866584995935,
        "India": 0.003489125294415409,
        "USA": 0.83620699248791
      },
      "country_exposure_entropy": 0.6385107598622631
    },
    "NODE_0000026": {
      "country_exposure": "USA",
      "country_exposure_confidence": {
        "Australia": 0.2057656678743642,
        "China": 0.0140136317424307,
        "India": 0.002962893258739577,
        "USA": 0.7682027627524737
      },
      "country_exposure_entropy": 0.6697553557083284
    },
    "NODE_0000027": {
      "country_exposure": "USA",
      "country_exposure_confidence": {
        "Australia": 0.003735138681017362,
        "India": 0.00152123901660618,
        "USA": 0.9918007329332296
      },
      "country_exposure_entropy": 0.06216545182860061
    },
    "NODE_0000028": {
      "country_exposure": "USA",
      "country_exposure_confidence": {
        "Australia": 0.00267854112373159,
        "India": 0.0011514275955814615,
        "USA": 0.9937920475838444
      },
      "country_exposure_entropy": 0.049220545742142005
    },
    "NODE_0000029": {
      "country_exposure": "Spain",
      "country_exposure_confidence": {
        "Australia": 0.041083643141276174,
        "China": 0.016394980455587824,
        "Spain": 0.9191842576625947,
        "USA": 0.018410774719380105
      },
      "country_exposure_entropy": 0.38897359492899025
    },
    "NODE_0000030": {
      "country_exposure": "USA",
      "country_exposure_confidence": {
        "Australia": 0.003153045097827231,
        "India": 0.0013211654880863817,
        "USA": 0.9928830890742198
      },
      "country_exposure_entropy": 0.05521913063447603
    },
    "NODE_0000032": {
      "country_exposure": "USA",
      "country_exposure_confidence": {
        "Australia": 0.003851662824154786,
        "India": 0.001554072266979892,
        "USA": 0.9916120592458706
      },
      "country_exposure_entropy": 0.06332720009255668
    },
    "NODE_0000033": {
      "country_exposure": "USA",
      "country_exposure_confidence": {
        "Australia": 0.004325805683441256,
        "China": 0.07230539666735285,
        "India": 0.002451368496328337,
        "USA": 0.9123314633050441
      },
      "country_exposure_entropy": 0.3734191206744374
    },
    "NODE_0000034": {
      "country_exposure": "USA",
      "country_exposure_confidence": {
        "USA": 0.9999989702911332
      },
      "country_exposure_entropy": 1.5905849504025397e-05
    },
    "NODE_0000035": {
      "country_exposure": "USA",
      "country_exposure_confidence": {
        "Australia": 0.002696316675676747,
        "India": 0.0011556988023049652,
        "USA": 0.9937654587606203
      },
      "country_exposure_entropy": 0.04939039701343252
    },
    "NODE_0000036": {
      "country_exposure": "USA",
      "country_exposure_confidence": {
        "Australia": 0.003731931455489085,
        "India": 0.0015205930833512608,
        "USA": 0.991805230901452
      },
      "country_exposure_entropy": 0.062138386541313984
    },
    "NODE_0000037": {
      "country_exposure": "USA",
      "country_exposure_confidence": {
        "Australia": 0.002678054049081944,
        "India": 0.0011513428079139715,
        "USA": 0.9937926987949437
      },
      "country_exposure_entropy": 0.04921645752324354
    },
    "NODE_0000038": {
      "country_exposure": "USA",
      "country_exposure_confidence": {
        "Australia": 0.002678054049081944,
        "India": 0.0011513428079139715,
        "USA": 0.9937926987949437
      },
      "country_exposure_entropy": 0.04921645752324354
    },
    "NODE_0000039": {
      "country_exposure": "China",
      "country_exposure_confidence": {
        "China": 0.9750073755733677,
        "France": 0.006334728174695468,
        "USA": 0.013548553606570379
      },
      "country_exposure_entropy": 0.15540557919191134
    },
    "NODE_0000040": {
      "country_exposure": "China",
      "country_exposure_confidence": {
        "China": 0.9964066257188885,
        "USA": 0.00246367315869481
      },
      "country_exposure_entropy": 0.02875984358574
    },
    "NODE_0000041": {
      "country_exposure": "China",
      "country_exposure_confidence": {
        "China": 0.9793915386992569,
        "USA": 0.012462884915309648,
        "Vietnam": 0.00379509962123674
      },
      "country_exposure_entropy": 0.13141837757144564
    },
    "NODE_0000042": {
      "country_exposure": "China",
      "country_exposure_confidence": {
        "Australia": 0.02907804702714527,
        "China": 0.4171258547482924,
        "USA": 0.28826137128476564,
        "Vietnam": 0.19762149659638317
      },
      "country_exposure_entropy": 1.5092834619366915
    },
    "NODE_0000043": {
      "country_exposure": "USA",
      "country_exposure_confidence": {
        "Australia": 0.0024872419513869313,
        "India": 0.0010960626601546205,
        "USA": 0.9941080835131987
      },
      "country_exposure_entropy": 0.047156131539597385
    },
    "NODE_0000044": {
      "country_exposure": "USA",
      "country_exposure_confidence": {
        "Australia": 0.0024871165500501735,
        "India": 0.0010960513740269112,
        "USA": 0.994108232796595
      },
      "country_exposure_entropy": 0.04715520247006898
    },
    "NODE_0000045": {
      "country_exposure": "USA",
      "country_exposure_confidence": {
        "Australia": 0.09789220068338716,
        "China": 0.0743435264680925,
        "USA": 0.7853825787873778,
        "Vietnam": 0.015577430320637879
      },
      "country_exposure_entropy": 0.8380903104391366
    },
    "NODE_0000046": {
      "country_exposure": "USA",
      "country_exposure_confidence": {
        "Australia": 0.2893646232195004,
        "China": 0.0342039236306849,
        "India": 0.0038959237034880546,
        "USA": 0.6590856970901839
      },
      "country_exposure_entropy": 0.86106930496843
    },
    "NODE_0000047": {
      "country_exposure": "USA",
      "country_exposure_confidence": {
        "Australia": 0.08803117255808415,
        "China": 0.04374404258550656,
        "France": 0.0037190622183568413,
        "USA": 0.8544740409380933
      },
      "country_exposure_entropy": 0.5744162522831725
    },
    "NODE_0000048": {
      "country_exposure": "USA",
      "country_exposure_confidence": {
        "Australia": 0.00258922991939704,
        "India": 0.0011253717130331345,
        "USA": 0.9939402222120702
      },
      "country_exposure_entropy": 0.04825443685932042
    },
    "NODE_0000049": {
      "country_exposure": "USA",
      "country_exposure_confidence": {
        "Australia": 0.043761166667467294,
        "China": 0.15867970236612847,
        "France": 0.01213289242182697,
        "USA": 0.7681928936610644
      },
      "country_exposure_entropy": 0.7962679919199029
    },
    "NODE_0000050": {
      "country_exposure": "USA",
      "country_exposure_confidence": {
        "Australia": 0.03913635274245379,
        "China": 0.02855108894405674,
        "France": 0.03444146370551285,
        "USA": 0.8866998731350044
      },
      "country_exposure_entropy": 0.5259303855648653
    },
    "NODE_0000051": {
      "country_exposure": "USA",
      "country_exposure_confidence": {
        "Australia": 0.01739187502145529,
        "China": 0.008213153705318938,
        "France": 0.15500517834329774,
        "USA": 0.8059581543040263
      },
      "country_exposure_entropy": 0.6613109698664319
    },
    "NODE_0000053": {
      "country_exposure": "USA",
      "country_exposure_confidence": {
        "Australia": 0.05898337318400562,
        "China": 0.23712876241421163,
        "India": 0.24365016372987955,
        "USA": 0.38709315662111005
      },
      "country_exposure_entropy": 1.597202743829433
    },
    "NODE_0000054": {
      "country_exposure": "Australia",
      "country_exposure_confidence": {
        "Australia": 0.3000399683669927,
        "Iran": 0.22391810362273207,
        "Taiwan": 0.05238044798718926,
        "USA": 0.2499612811301068
      },
      "country_exposure_entropy": 1.886617066956977
    },
    "NODE_0000055": {
      "country_exposure": "Australia",
      "country_exposure_confidence": {
        "Australia": 0.49495696120857074,
        "Sri Lanka": 0.1574674588509555,
        "Taiwan": 0.1574674588509558,
        "USA": 0.09487532071258746
      },
      "country_exposure_entropy": 1.5654415555283117
    },
    "NODE_0000056": {
      "country_exposure": "USA",
      "country_exposure_confidence": {
        "Australia": 0.003103917668776039,
        "France": 0.0024837207628918053,
        "India": 0.0012714605401027532,
        "USA": 0.9911175173804013
      },
      "country_exposure_entropy": 0.06698253552636291
    },
    "NODE_0000057": {
      "country_exposure": "USA",
      "country_exposure_confidence": {
        "Australia": 0.065737341755322,
        "China": 0.0043870879605012476,
